{
    "total_sent": 4096,
    "duration": 103.27943229675293,
    "active_duration": 102.27860498428345
}